Positives\000001.jpg 2 55 94 26 26 94 103 26 22
Positives\000002.jpg 2 57 95 23 27 93 101 27 22
Positives\000005.jpg 2 47 103 35 17 101 102 30 17
Positives\000006.jpg 2 54 99 29 22 93 100 25 19
Positives\000007.jpg 2 52 103 29 18 94 103 28 15
Positives\000008.jpg 2 57 104 25 15 94 102 24 17
Positives\000009.jpg 2 55 103 27 20 95 104 30 16
Positives\000010.jpg 2 50 99 33 19 97 104 26 17
Positives\000011.jpg 2 50 100 30 21 96 103 22 19
Positives\000012.jpg 2 57 101 23 23 98 103 23 20
Positives\000013.jpg 2 51 103 29 20 98 104 24 18
Positives\000014.jpg 2 55 101 28 20 99 104 22 18
Positives\000015.jpg 2 53 105 26 15 98 106 20 14
Positives\000016.jpg 2 58 103 22 21 94 105 28 15
Positives\000017.jpg 2 53 103 27 16 96 105 32 15
Positives\000018.jpg 2 52 103 29 19 97 105 27 17
Positives\000019.jpg 2 54 102 26 19 98 102 23 18
Positives\000020.jpg 2 57 107 24 15 94 101 28 18
Positives\000021.jpg 2 54 102 28 15 98 106 21 11
Positives\000022.jpg 2 53 103 32 15 96 100 22 20
Positives\000023.jpg 2 53 104 27 16 96 106 25 13
Positives\000024.jpg 2 53 98 30 21 95 102 31 17
Positives\000025.jpg 2 58 104 27 17 97 104 27 17
Positives\000026.jpg 2 55 102 26 18 96 104 25 17
Positives\000027.jpg 2 59 104 27 18 98 103 22 16
Positives\000028.jpg 2 54 104 26 17 96 107 30 15
Positives\000029.jpg 2 53 100 27 20 96 103 26 17
Positives\000030.jpg 2 58 98 25 23 96 102 22 21
Positives\000031.jpg 2 52 104 26 19 98 103 26 17
Positives\000032.jpg 2 58 104 26 15 96 102 21 15
Positives\000033.jpg 2 56 103 25 18 99 104 24 15
Positives\000034.jpg 2 57 100 26 23 95 101 24 19
Positives\000035.jpg 2 56 101 27 21 94 98 29 24
Positives\000036.jpg 1 93 100 27 23
Positives\000037.jpg 2 56 101 30 20 93 100 25 20
Positives\000038.jpg 2 56 105 28 14 98 104 27 18
Positives\000039.jpg 2 55 102 28 18 93 101 29 19
Positives\000040.jpg 2 56 101 25 19 99 104 23 14
Positives\000041.jpg 2 59 94 21 19 91 101 30 25
Positives\000042.jpg 2 55 102 24 19 98 104 28 18
Positives\000043.jpg 2 52 96 29 25 96 102 29 22
Positives\000044.jpg 2 56 99 25 22 96 102 26 21
Positives\000045.jpg 2 52 101 32 18 97 104 26 20
Positives\000046.jpg 2 49 101 30 21 94 104 33 18
Positives\000047.jpg 2 52 102 28 19 96 103 26 18
Positives\000048.jpg 2 56 104 26 15 96 102 25 15
Positives\000049.jpg 2 66 96 17 19 91 105 24 15
Positives\000050.jpg 2 56 105 23 15 95 105 31 14
Positives\000051.jpg 2 53 103 28 18 97 106 30 13
Positives\000052.jpg 2 58 104 23 14 96 102 23 17
Positives\000054.jpg 2 51 103 32 18 97 104 29 18
Positives\000055.jpg 2 55 103 27 16 98 104 22 19
Positives\000056.jpg 2 56 100 26 21 99 101 23 20
Positives\000057.jpg 2 52 102 31 17 96 103 21 16
Positives\000058.jpg 2 52 99 28 22 93 103 32 17
Positives\000059.jpg 2 60 102 21 18 93 96 31 24
Positives\000060.jpg 2 59 102 23 19 96 103 26 15
Positives\000061.jpg 2 57 101 26 17 95 100 17 15
Positives\000062.jpg 2 57 103 22 17 97 105 24 15
Positives\000063.jpg 2 49 99 31 21 98 104 25 19
Positives\000064.jpg 2 58 106 24 12 97 106 25 15
Positives\000065.jpg 2 56 107 23 12 95 105 27 15
Positives\000066.jpg 2 55 102 25 17 97 105 32 19
Positives\000067.jpg 2 56 104 24 16 95 105 24 16
Positives\000068.jpg 2 54 103 31 16 98 105 22 16
Positives\000069.jpg 2 56 104 26 15 99 103 21 18
Positives\000070.jpg 2 51 98 28 17 93 109 31 12
Positives\000071.jpg 2 52 101 30 19 94 104 31 19
Positives\000072.jpg 2 53 104 28 18 93 106 33 16
Positives\000073.jpg 2 58 98 22 21 97 102 24 20
Positives\000074.jpg 2 55 104 26 17 95 104 26 20
Positives\000075.jpg 2 60 99 24 23 95 98 29 21
Positives\000076.jpg 2 54 103 26 17 94 105 36 14
Positives\000077.jpg 2 54 99 29 22 95 101 28 21
Positives\000078.jpg 2 47 101 32 21 97 102 29 20
Positives\000079.jpg 2 55 99 25 24 94 103 23 19
Positives\000080.jpg 2 57 100 24 20 98 105 22 17
Positives\000081.jpg 2 53 101 27 21 97 105 27 19
Positives\000082.jpg 2 56 104 26 16 91 105 33 16
Positives\000083.jpg 2 54 99 28 23 93 104 31 18
Positives\000084.jpg 2 52 101 28 20 92 103 31 18
Positives\000085.jpg 2 52 100 27 22 94 104 27 20
Positives\000086.jpg 2 58 99 24 18 96 105 24 18
Positives\000087.jpg 2 54 104 29 19 94 103 31 21
Positives\000088.jpg 2 59 102 23 23 94 100 27 22
Positives\000089.jpg 2 52 98 27 25 89 103 34 18
Positives\000090.jpg 2 58 102 26 16 94 104 26 15
Positives\000091.jpg 2 56 102 28 16 93 103 28 18
Positives\000092.jpg 2 54 105 27 16 98 103 29 15
Positives\000094.jpg 2 53 103 29 17 93 101 31 20
Positives\000095.jpg 2 59 103 25 18 95 104 25 16
Positives\000096.jpg 2 50 97 35 22 95 104 29 17
Positives\000097.jpg 2 53 102 29 18 94 104 29 18
Positives\000098.jpg 2 55 99 28 21 90 103 38 19
Positives\000099.jpg 2 50 102 32 19 96 105 30 15
Positives\000100.jpg 2 55 103 28 17 97 101 23 20
Positives\000101.jpg 2 53 104 30 18 96 102 27 21
Positives\000102.jpg 2 55 101 28 19 94 102 29 19
Positives\000103.jpg 2 57 101 28 18 92 99 29 22
Positives\000104.jpg 2 52 101 29 24 97 104 27 23
Positives\000105.jpg 2 53 104 29 16 97 106 25 17
Positives\000106.jpg 2 52 102 31 20 96 104 27 17
Positives\000107.jpg 2 54 103 28 20 99 107 26 15
Positives\000108.jpg 2 52 100 30 20 98 100 25 23
Positives\000109.jpg 2 57 104 25 18 93 106 26 14
Positives\000110.jpg 2 51 105 29 23 98 102 28 22
Positives\000111.jpg 2 48 102 33 18 87 103 36 20
Positives\000112.jpg 2 43 100 38 20 95 102 33 20
Positives\000113.jpg 2 55 100 25 20 92 104 29 18
Positives\000114.jpg 2 52 100 30 19 95 104 27 19
Positives\000115.jpg 2 61 103 23 18 95 104 25 17
Positives\000116.jpg 2 56 104 28 18 95 105 32 17
Positives\000117.jpg 2 57 100 26 22 92 102 33 18
Positives\000118.jpg 2 53 102 31 21 100 101 24 20
Positives\000119.jpg 2 57 103 27 21 93 102 26 19
Positives\000120.jpg 1 60 100 29 21
Positives\000121.jpg 2 50 100 30 21 92 102 33 20
Positives\000122.jpg 2 53 101 29 22 96 102 30 20
Positives\000123.jpg 2 56 104 28 18 97 104 23 18
Positives\000124.jpg 2 93 100 25 19 54 101 27 17
Positives\000125.jpg 2 54 104 28 14 98 102 25 19
Positives\000126.jpg 2 53 103 24 20 96 102 26 20
Positives\000127.jpg 2 54 104 29 16 96 103 23 20
Positives\000128.jpg 2 51 105 31 20 92 103 31 18
Positives\000129.jpg 2 53 102 27 16 93 104 29 18
Positives\000130.jpg 2 56 100 28 22 93 101 30 20
Positives\000131.jpg 2 57 98 21 26 93 101 30 24
Positives\000132.jpg 2 48 96 31 26 92 102 35 20
Positives\000133.jpg 2 50 101 33 21 95 103 30 23
Positives\000134.jpg 2 61 100 19 18 96 104 23 19
Positives\000135.jpg 2 50 104 30 17 96 103 23 17
Positives\000136.jpg 2 59 101 22 20 97 105 22 17
Positives\000137.jpg 2 91 101 25 15 60 107 26 12
Positives\000138.jpg 2 57 106 22 18 94 107 23 14
Positives\000139.jpg 2 57 101 25 18 91 100 30 19
Positives\000140.jpg 2 56 101 26 21 92 104 30 17
Positives\000141.jpg 2 54 103 28 17 91 104 32 14
Positives\000142.jpg 2 57 99 25 20 93 101 28 17
Positives\000143.jpg 2 55 101 24 20 97 102 26 20
Positives\000145.jpg 2 55 101 29 20 101 105 22 18
Positives\000146.jpg 2 57 103 29 20 93 98 24 23
Positives\000147.jpg 2 52 100 28 25 94 101 26 25
Positives\000148.jpg 2 57 100 26 17 93 102 27 16
Positives\000149.jpg 2 54 102 24 21 91 99 25 22
Positives\000150.jpg 2 60 98 24 27 98 95 26 27
Positives\000151.jpg 2 58 97 27 28 92 102 36 18
Positives\000152.jpg 2 55 102 28 24 97 104 30 20
Positives\000153.jpg 2 55 101 27 20 96 101 29 24
Positives\000155.jpg 2 50 98 30 26 91 104 35 22
Positives\000156.jpg 2 52 97 32 23 93 101 29 23
Positives\000157.jpg 2 57 99 26 24 91 99 32 25
Positives\000158.jpg 2 54 100 28 19 91 100 32 22
Positives\000159.jpg 2 60 97 20 21 89 105 38 22
Positives\000160.jpg 2 55 103 29 19 88 103 35 17
Positives\000161.jpg 2 53 101 29 20 97 103 25 20
Positives\000162.jpg 2 55 101 25 20 94 101 30 18
Positives\000163.jpg 2 57 98 24 27 92 100 28 19
Positives\000164.jpg 2 60 102 20 17 95 102 21 18
Positives\000165.jpg 2 58 104 26 15 91 104 27 17
Positives\000166.jpg 2 55 102 26 18 97 103 23 15
Positives\000167.jpg 2 56 93 29 25 92 96 25 23
Positives\000168.jpg 2 45 103 34 23 95 99 30 23
Positives\000169.jpg 2 55 100 27 20 93 100 26 24
Positives\000170.jpg 2 51 102 32 22 93 99 31 23
Positives\000171.jpg 2 56 101 29 21 95 100 24 21
Positives\000172.jpg 2 47 100 36 26 91 94 30 26
Positives\000173.jpg 2 51 99 28 22 97 103 29 21
Positives\000174.jpg 2 54 104 25 18 99 104 25 21
Positives\000175.jpg 2 52 96 28 28 91 103 35 17
Positives\000176.jpg 2 55 101 26 23 95 102 26 22
Positives\000177.jpg 2 54 91 30 29 93 96 22 23
Positives\000178.jpg 2 50 100 33 22 94 103 31 21
Positives\000179.jpg 2 55 99 28 24 95 100 30 22
Positives\000180.jpg 2 48 101 32 23 95 99 30 27
Positives\000181.jpg 2 53 99 30 23 92 106 34 19
Positives\000182.jpg 2 53 99 29 24 93 101 27 21
Positives\000183.jpg 2 47 96 31 28 92 102 33 20
Positives\000184.jpg 2 63 98 19 22 91 101 32 23
Positives\000185.jpg 2 52 97 30 26 90 98 33 24
Positives\000186.jpg 2 53 93 28 31 90 101 33 19
Positives\000187.jpg 2 49 100 30 22 91 102 37 23
Positives\000189.jpg 2 53 97 23 21 99 101 32 24
Positives\000190.jpg 2 52 102 32 19 93 103 29 15
Positives\000191.jpg 2 46 104 36 20 95 106 34 18
Positives\000192.jpg 2 52 101 34 19 94 100 32 23
Positives\000194.jpg 2 56 96 23 28 93 101 32 24
Positives\000195.jpg 2 59 105 25 19 94 101 27 23
Positives\000196.jpg 2 55 101 29 21 96 104 29 22
Positives\000197.jpg 2 56 101 25 19 97 107 26 15
Positives\000198.jpg 2 58 100 26 25 95 102 26 23
Positives\000200.jpg 2 61 100 19 21 96 102 24 19
Positives\000201.jpg 2 52 100 32 20 90 101 37 20
Positives\000203.jpg 2 53 101 32 21 96 103 25 20
Positives\000204.jpg 2 54 101 26 24 97 100 30 21
Positives\000205.jpg 2 58 102 24 20 94 103 25 17
Positives\000206.jpg 2 55 96 26 25 96 99 28 23
Positives\000207.jpg 2 57 103 25 16 90 102 31 16
Positives\000208.jpg 2 54 100 24 23 93 103 34 20
Positives\000209.jpg 2 56 102 25 20 95 103 23 19
Positives\000210.jpg 2 56 103 28 18 97 97 22 22
Positives\000211.jpg 2 54 100 28 22 93 100 29 24
Positives\000212.jpg 2 57 104 29 22 95 99 27 23
Positives\000213.jpg 2 56 105 23 19 95 105 25 16
Positives\000214.jpg 2 55 104 28 18 98 104 25 19
Positives\000215.jpg 2 57 102 28 20 98 103 21 21
Positives\000216.jpg 2 56 102 27 19 96 103 25 18
Positives\000217.jpg 2 57 102 28 18 95 99 29 24
Positives\000218.jpg 2 53 101 28 21 97 103 24 19
Positives\000219.jpg 2 55 98 25 22 92 102 29 26
Positives\000220.jpg 2 59 102 28 19 98 100 19 23
Positives\000221.jpg 2 56 98 26 25 94 100 25 21
Positives\000222.jpg 2 56 100 26 21 94 100 29 20
Positives\000223.jpg 2 56 99 26 23 92 103 34 22
Positives\000224.jpg 2 58 101 26 21 93 104 26 19
Positives\000225.jpg 2 56 104 25 19 98 104 29 22
Positives\000226.jpg 2 50 104 34 17 98 101 26 24
Positives\000227.jpg 2 58 97 28 20 98 102 10 16
Positives\000228.jpg 2 52 99 30 25 93 98 32 22
Positives\000229.jpg 2 55 98 32 24 97 100 28 25
Positives\000230.jpg 2 56 105 29 18 96 105 27 18
Positives\000231.jpg 2 55 96 25 24 98 100 25 24
Positives\000232.jpg 2 53 99 34 23 95 97 32 28
Positives\000233.jpg 2 53 100 29 21 89 102 32 22
Positives\000234.jpg 2 58 99 27 26 93 102 28 27
Positives\000235.jpg 2 56 99 28 24 94 100 30 23
Positives\000236.jpg 2 56 98 24 25 95 100 27 23
Positives\000237.jpg 2 59 102 28 22 99 102 25 23
Positives\000238.jpg 2 56 97 29 27 94 99 29 25
Positives\000239.jpg 2 53 100 28 22 92 103 39 17
Positives\000240.jpg 1 87 95 34 24
Positives\000241.jpg 2 53 102 30 22 96 101 30 23
Positives\000242.jpg 2 57 93 26 30 98 100 24 26
Positives\000243.jpg 2 59 98 28 22 92 98 29 21
Positives\000244.jpg 2 57 94 27 27 97 96 24 30
Positives\000245.jpg 2 66 90 17 28 89 97 40 25
Positives\000246.jpg 2 63 99 20 22 88 94 31 29
Positives\000247.jpg 2 54 98 33 28 96 100 30 23
Positives\000248.jpg 2 58 97 24 26 96 103 28 19
Positives\000249.jpg 2 55 96 26 28 97 101 30 24
Positives\000250.jpg 2 55 98 31 24 95 96 26 28
Positives\000251.jpg 2 53 94 31 26 92 99 33 25
Positives\000252.jpg 2 61 98 24 25 97 101 26 20
Positives\000253.jpg 2 60 100 24 19 95 100 24 24
Positives\000254.jpg 2 54 100 28 25 99 99 25 30
Positives\000255.jpg 2 58 104 27 19 98 104 27 21
Positives\000256.jpg 2 52 99 33 22 93 99 30 23
Positives\000257.jpg 2 59 100 21 22 93 100 32 23
Positives\000258.jpg 2 54 96 28 26 93 98 30 23
Positives\000259.jpg 2 52 102 32 19 93 100 33 20
Positives\000260.jpg 2 55 98 28 22 93 101 29 20
Positives\000261.jpg 2 54 97 32 23 93 98 29 24
Positives\000262.jpg 2 52 97 32 24 94 97 32 24
Positives\000263.jpg 2 51 99 32 22 94 101 31 20
Positives\000264.jpg 2 53 101 27 24 94 102 27 22
Positives\000265.jpg 2 60 99 23 25 93 99 23 28
Positives\000267.jpg 2 53 103 35 20 97 101 27 21
Positives\000268.jpg 2 50 100 31 20 95 100 24 19
Positives\000269.jpg 2 50 100 31 26 97 102 35 22
Positives\000270.jpg 2 53 98 25 23 91 101 36 21
Positives\000271.jpg 2 55 101 32 23 96 102 31 22
Positives\000272.jpg 2 55 100 29 18 95 100 25 20
Positives\000273.jpg 2 56 100 24 25 92 98 31 24
Positives\000274.jpg 2 52 102 28 18 94 100 29 23
Positives\000276.jpg 2 56 99 26 25 91 105 29 21
Positives\000277.jpg 2 56 100 23 24 95 100 27 23
Positives\000278.jpg 2 57 97 25 27 96 104 31 20
Positives\000279.jpg 2 58 97 24 23 93 103 26 23
Positives\000280.jpg 2 58 96 23 28 97 101 29 22
Positives\000281.jpg 2 62 97 18 24 96 103 23 21
Positives\000282.jpg 2 59 98 23 22 99 102 23 19
Positives\000283.jpg 2 59 97 28 21 96 99 18 17
Positives\000284.jpg 2 56 96 22 26 97 100 23 26
Positives\000285.jpg 2 54 96 26 29 95 101 24 26
Positives\000286.jpg 2 57 99 22 25 99 103 21 25
Positives\000287.jpg 2 58 97 24 26 94 97 23 28
Positives\000288.jpg 2 54 100 24 23 97 97 22 26
Positives\000289.jpg 2 59 96 24 27 91 97 28 24
Positives\000290.jpg 2 57 100 23 19 96 101 29 20
Positives\000291.jpg 2 57 97 24 26 94 101 28 23
Positives\000292.jpg 2 51 102 29 19 94 103 28 18
Positives\000293.jpg 1 94 108 24 15
Positives\000294.jpg 2 66 103 21 14 95 98 25 24
Positives\000295.jpg 2 59 98 20 19 97 97 22 25
Positives\000296.jpg 2 54 100 27 21 95 99 27 23
Positives\000297.jpg 2 58 99 24 22 97 103 25 18
Positives\000298.jpg 2 56 99 22 22 97 101 25 23
Positives\000299.jpg 2 53 100 29 24 98 97 27 23
Positives\000300.jpg 2 59 99 20 24 98 100 22 24
Positives\000301.jpg 2 54 102 29 19 94 103 33 20
Positives\000302.jpg 2 53 101 26 23 101 99 25 25
Positives\000303.jpg 2 55 99 28 23 95 99 26 21
Positives\000304.jpg 2 54 97 31 23 95 99 25 22
Positives\000305.jpg 2 54 99 27 24 96 104 27 19
Positives\000306.jpg 2 59 105 26 16 97 105 25 18
Positives\000307.jpg 2 53 103 30 17 97 102 24 22
Positives\000308.jpg 2 57 100 28 18 95 99 22 28
Positives\000309.jpg 2 61 99 22 22 92 103 29 20
Positives\000310.jpg 2 51 100 29 20 96 102 29 22
Positives\000311.jpg 2 55 96 24 23 97 103 23 21
Positives\000312.jpg 2 51 99 28 24 96 98 28 27
Positives\000313.jpg 2 50 100 32 23 92 98 32 24
Positives\000314.jpg 2 58 96 25 26 93 100 32 24
Positives\000315.jpg 2 54 99 29 21 96 102 26 23
Positives\000316.jpg 2 56 101 32 22 95 96 20 24
Positives\000317.jpg 2 52 89 32 30 88 101 36 22
Positives\000318.jpg 2 59 102 25 18 96 102 26 19
Positives\000319.jpg 2 59 98 25 22 95 102 20 18
Positives\000320.jpg 2 57 101 25 17 89 103 31 16
Positives\000321.jpg 2 53 103 27 19 97 98 29 26
Positives\000322.jpg 2 53 98 29 23 97 102 31 25
Positives\000323.jpg 2 54 100 28 22 95 97 32 20
Positives\000324.jpg 2 54 100 30 22 93 100 26 26
Positives\000325.jpg 2 48 99 32 22 91 99 36 24
Positives\000326.jpg 2 58 97 24 23 93 98 26 26
Positives\000327.jpg 2 55 100 29 24 92 96 35 25
Positives\000328.jpg 2 56 98 29 26 96 98 24 25
Positives\000329.jpg 2 58 103 26 19 97 100 29 22
Positives\000330.jpg 2 55 98 30 26 96 100 32 26
Positives\000331.jpg 2 59 101 26 22 94 103 29 18
Positives\000332.jpg 2 53 93 30 28 93 99 28 20
Positives\000333.jpg 2 59 103 23 23 96 102 25 21
Positives\000334.jpg 2 56 105 25 16 95 103 29 21
Positives\000336.jpg 2 54 100 26 25 97 101 28 22
Positives\000337.jpg 2 52 101 31 21 94 103 28 19
Positives\000338.jpg 2 59 102 22 21 96 102 27 17
Positives\000339.jpg 2 56 99 26 20 94 96 23 25
Positives\000340.jpg 2 57 101 24 22 95 104 26 22
Positives\000341.jpg 2 55 99 24 22 95 102 27 22
Positives\000342.jpg 2 55 98 30 22 95 99 29 21
Positives\000343.jpg 2 52 101 31 23 97 101 25 23
Positives\000344.jpg 2 55 99 26 22 96 99 27 27
Positives\000345.jpg 2 52 96 31 27 95 96 30 27
Positives\000346.jpg 2 55 97 27 27 91 94 27 29
Positives\000347.jpg 2 51 102 31 23 97 102 26 20
Positives\000348.jpg 2 50 104 31 16 98 102 26 22
Positives\000349.jpg 2 54 93 27 25 91 97 30 24
Positives\000351.jpg 2 54 99 30 23 95 102 29 23
Positives\000352.jpg 2 52 97 27 27 96 101 30 24
Positives\000353.jpg 2 54 101 27 22 96 101 28 21
Positives\000354.jpg 2 53 100 26 23 95 100 27 23
Positives\000355.jpg 2 55 100 25 19 96 102 25 22
Positives\000356.jpg 2 55 103 29 18 94 103 31 19
Positives\000357.jpg 2 55 99 26 26 97 103 27 21
Positives\000358.jpg 2 52 101 32 24 92 103 34 19
Positives\000359.jpg 2 49 100 33 28 95 103 28 22
Positives\000360.jpg 2 59 100 20 20 97 98 23 24
Positives\000361.jpg 2 58 98 23 25 95 102 25 22
Positives\000362.jpg 2 55 103 28 20 92 104 33 17
Positives\000363.jpg 2 56 99 24 25 91 99 33 22
Positives\000364.jpg 2 52 98 27 27 94 104 33 19
Positives\000365.jpg 2 59 104 23 16 97 100 23 19
Positives\000366.jpg 2 59 107 26 18 95 96 31 27
Positives\000367.jpg 2 58 96 20 28 92 99 30 21
Positives\000368.jpg 2 57 104 24 19 99 104 23 18
Positives\000369.jpg 2 52 98 33 25 96 100 24 24
Positives\000370.jpg 2 57 105 25 15 94 104 24 13
Positives\000371.jpg 2 57 100 28 22 91 97 28 22
Positives\000372.jpg 2 61 100 21 20 93 105 32 15
Positives\000374.jpg 2 58 103 23 17 95 99 28 20
Positives\000376.jpg 2 59 100 25 24 98 98 27 23
Positives\000377.jpg 2 60 103 21 15 95 106 23 14
Positives\000378.jpg 2 59 103 23 17 96 101 19 15
Positives\000379.jpg 2 51 95 32 22 96 97 22 25
Positives\000380.jpg 2 60 103 23 17 93 100 25 18
Positives\000381.jpg 2 54 99 26 26 97 102 29 23
Positives\000382.jpg 2 50 100 28 21 98 103 25 20
Positives\000383.jpg 2 56 104 27 24 94 103 28 22
Positives\000384.jpg 2 55 102 25 21 97 102 29 24
Positives\000385.jpg 2 55 101 34 18 94 99 20 19
Positives\000386.jpg 2 53 100 27 22 91 99 28 21
Positives\000387.jpg 2 53 101 26 20 98 104 29 18
Positives\000388.jpg 2 51 100 32 22 97 103 26 20
Positives\000389.jpg 2 56 100 27 20 97 102 26 19
Positives\000390.jpg 2 56 102 25 22 96 103 28 21
Positives\000391.jpg 2 53 100 27 18 96 103 30 20
Positives\000392.jpg 2 55 104 30 22 98 103 26 20
Positives\000393.jpg 2 52 100 27 21 93 102 29 26
Positives\000394.jpg 2 51 101 33 22 96 105 29 21
Positives\000395.jpg 1 51 93 30 25
Positives\000396.jpg 2 56 103 24 21 96 101 28 22
Positives\000397.jpg 2 56 102 30 20 91 103 29 18
Positives\000398.jpg 1 54 102 31 22 94 102 27 21
Positives\000399.jpg 2 59 97 23 27 94 102 27 21
Positives\000400.jpg 2 55 98 27 23 95 101 26 21
Positives\000401.jpg 2 55 100 28 22 92 100 33 23
Positives\000402.jpg 2 56 96 28 28 96 99 25 25
Positives\000403.jpg 2 52 98 30 23 91 97 31 23
Positives\000404.jpg 2 55 102 25 21 94 102 29 20
Positives\000405.jpg 2 57 97 25 25 91 101 34 19
Positives\000406.jpg 2 52 103 28 20 97 102 26 22
Positives\000407.jpg 2 58 97 21 23 92 99 28 23
Positives\000408.jpg 2 57 101 29 21 98 104 24 18
Positives\000409.jpg 2 56 101 23 19 92 99 29 22
Positives\000410.jpg 2 58 97 25 22 93 101 30 19
Positives\000411.jpg 2 52 99 29 20 96 101 28 18
Positives\000412.jpg 2 55 101 23 22 93 99 30 23
Positives\000413.jpg 2 53 100 28 24 92 97 29 23
Positives\000414.jpg 2 57 98 23 24 94 102 27 22
Positives\000415.jpg 2 54 99 26 21 97 101 24 21
Positives\000416.jpg 2 56 101 25 23 98 105 23 19
Positives\000417.jpg 1 65 97 28 21
Positives\000418.jpg 2 56 105 24 21 97 103 29 17
Positives\000419.jpg 2 56 100 26 21 97 102 24 20
Positives\000420.jpg 2 52 100 29 23 93 105 31 17
Positives\000421.jpg 2 53 101 30 19 91 101 29 19
Positives\000422.jpg 2 55 103 24 22 96 103 29 20
Positives\000423.jpg 2 60 101 23 23 97 102 25 22
Positives\000424.jpg 2 54 101 29 22 97 102 26 18
Positives\000425.jpg 2 58 102 24 22 93 101 30 24
Positives\000426.jpg 2 53 100 27 19 88 105 27 17
Positives\000427.jpg 2 60 102 22 16 93 102 23 17
Positives\000428.jpg 2 55 103 25 21 91 104 31 19
Positives\000429.jpg 2 59 102 20 21 95 99 23 23
Positives\000430.jpg 2 54 98 30 21 98 102 24 21
Positives\000431.jpg 2 56 99 26 22 97 100 26 24
Positives\000432.jpg 2 51 102 30 17 96 104 31 16
Positives\000433.jpg 2 52 102 25 17 94 104 27 19
Positives\000434.jpg 2 52 101 26 17 93 104 28 15
Positives\000435.jpg 2 48 103 32 18 93 104 32 17
Positives\000436.jpg 2 56 103 23 16 96 104 27 17
Positives\000437.jpg 2 60 96 21 23 90 100 29 21
Positives\000438.jpg 2 58 98 22 19 96 99 25 20
Positives\000439.jpg 2 60 103 20 19 96 104 29 15
Positives\000440.jpg 2 57 104 23 19 95 105 26 19
Positives\000441.jpg 2 55 101 27 20 97 98 24 22
Positives\000442.jpg 2 52 100 30 23 94 103 29 18
Positives\000443.jpg 2 55 98 28 24 92 98 28 26
Positives\000444.jpg 2 58 103 28 26 96 102 27 24
Positives\000445.jpg 2 54 94 26 24 91 99 32 22
Positives\000446.jpg 2 49 97 29 25 90 98 37 26
Positives\000448.jpg 2 55 95 25 28 100 97 22 25
Positives\000449.jpg 2 53 103 28 21 95 102 27 26
Positives\000450.jpg 2 55 93 29 25 97 97 29 27
Positives\000451.jpg 2 50 94 32 30 94 97 33 30
Positives\000452.jpg 2 50 97 32 27 91 99 33 26
Positives\000453.jpg 2 62 95 22 23 88 92 28 31
Positives\000454.jpg 2 55 101 30 23 100 92 14 21
Positives\000455.jpg 2 50 99 32 23 92 102 31 19
Positives\000456.jpg 2 58 101 25 21 97 105 24 18
Positives\000457.jpg 2 52 94 32 35 97 106 26 18
Positives\000458.jpg 2 54 101 29 24 92 99 31 24
Positives\000459.jpg 2 56 101 28 23 96 101 23 23
Positives\000460.jpg 2 63 100 23 27 95 101 26 21
Positives\000461.jpg 2 60 102 22 22 91 101 31 21
Positives\000462.jpg 2 56 100 29 28 95 99 22 26
Positives\000463.jpg 2 53 94 27 29 96 98 28 26
Positives\000464.jpg 2 54 98 30 25 95 98 24 26
Positives\000465.jpg 2 50 98 31 23 93 98 33 26
Positives\000466.jpg 2 51 99 35 24 94 101 28 23
Positives\000467.jpg 2 52 101 28 19 93 98 29 23
Positives\000468.jpg 2 55 96 28 21 97 97 24 23
Positives\000469.jpg 2 53 96 29 25 91 99 28 23
Positives\000470.jpg 2 49 97 33 24 91 100 30 23
Positives\000471.jpg 2 52 98 27 25 88 96 36 26
Positives\000472.jpg 2 45 95 38 31 95 97 32 25
Positives\000473.jpg 2 56 94 29 31 91 97 30 29
Positives\000474.jpg 2 55 97 28 27 89 97 30 27
Positives\000475.jpg 2 53 96 30 30 90 97 32 31
Positives\000476.jpg 2 52 98 31 28 96 102 28 25
Positives\000477.jpg 2 51 100 29 25 96 100 27 25
Positives\000478.jpg 2 53 104 32 20 94 98 30 23
Positives\000479.jpg 2 56 103 30 17 93 106 34 15
Positives\000480.jpg 2 53 98 32 24 91 100 32 23
Positives\000481.jpg 2 53 99 35 22 92 102 33 22
Positives\000482.jpg 2 60 101 24 21 97 103 22 20
Positives\000483.jpg 2 55 96 25 26 93 100 35 26
Positives\000484.jpg 2 51 97 29 26 95 99 28 31
Positives\000485.jpg 2 52 94 31 28 95 94 27 32
Positives\000486.jpg 2 51 96 31 31 93 97 30 31
Positives\000487.jpg 2 56 95 28 31 92 95 30 30
Positives\000488.jpg 2 49 95 34 28 95 101 28 20
Positives\000489.jpg 1 49 103 32 23 95 101 28 20
Positives\000490.jpg 2 59 99 24 23 97 101 18 17
Positives\000491.jpg 2 58 93 26 30 95 99 20 27
Positives\000492.jpg 2 53 99 27 24 98 100 30 21
Positives\000493.jpg 2 52 100 29 20 94 102 27 18
Positives\000494.jpg 2 55 102 28 19 97 102 30 17
Positives\000495.jpg 2 51 99 31 22 98 101 29 20
Positives\000496.jpg 2 51 101 30 21 94 101 33 22
Positives\000497.jpg 2 50 101 33 17 94 102 33 20
Positives\000498.jpg 2 55 96 30 24 92 101 33 20
Positives\000499.jpg 2 56 97 29 22 96 100 26 21
Positives\000500.jpg 2 57 99 29 27 96 101 26 24
Positives\000501.jpg 2 50 101 31 20 92 100 31 21
Positives\000502.jpg 2 52 98 32 23 93 99 30 23
Positives\000503.jpg 2 59 100 24 24 98 99 27 29
Positives\000504.jpg 2 56 101 28 23 91 101 40 22
Positives\000505.jpg 2 53 97 29 28 93 93 31 29
Positives\000506.jpg 2 55 95 25 28 98 101 25 22
Positives\000507.jpg 1 57 101 24 21
Positives\000508.jpg 2 56 103 26 20 98 104 25 22
Positives\000509.jpg 2 49 99 37 25 97 101 27 25
Positives\000510.jpg 2 51 104 31 18 95 101 33 18
Positives\000511.jpg 2 57 101 25 21 92 102 30 19
Positives\000512.jpg 2 63 99 21 23 92 97 27 19
Positives\000513.jpg 2 47 103 33 19 97 101 29 23
Positives\000514.jpg 2 50 101 30 20 92 102 31 22
Positives\000515.jpg 2 54 101 30 18 95 102 30 20
Positives\000516.jpg 2 53 97 28 23 97 98 27 27
Positives\000517.jpg 2 49 100 31 24 90 102 32 19
Positives\000518.jpg 2 52 100 32 22 100 100 19 25
Positives\000519.jpg 2 52 97 26 26 94 102 29 23
Positives\000520.jpg 2 58 101 26 23 91 102 28 25
Positives\000521.jpg 2 56 98 27 24 93 100 26 23
Positives\000522.jpg 2 50 100 31 22 95 104 28 19
Positives\000523.jpg 2 53 101 26 21 94 103 29 22
Positives\000524.jpg 2 54 98 25 21 95 104 34 22
Positives\000525.jpg 2 61 100 19 20 92 103 28 20
Positives\000526.jpg 2 59 95 24 24 90 97 22 25
Positives\000527.jpg 2 49 93 35 28 92 101 29 21
Positives\000528.jpg 2 50 100 29 22 93 95 34 27
Positives\000529.jpg 2 58 100 27 20 92 101 20 17
Positives\000530.jpg 2 53 97 27 25 95 94 27 22
Positives\000531.jpg 2 56 99 28 24 95 99 24 24
Positives\000532.jpg 2 53 96 27 25 92 102 32 18
Positives\000533.jpg 2 54 98 30 20 94 99 25 24
Positives\000534.jpg 2 54 98 28 24 98 102 25 25
Positives\000535.jpg 2 58 101 20 20 97 103 28 18
Positives\000536.jpg 2 55 101 29 17 93 102 23 21
Positives\000537.jpg 2 50 99 29 21 97 100 23 20
Positives\000538.jpg 2 58 100 30 23 94 99 24 23
Positives\000539.jpg 2 48 103 39 20 94 102 27 18
Positives\000540.jpg 2 54 102 26 20 92 102 30 20
Positives\000541.jpg 2 53 99 28 20 93 98 27 25
Positives\000542.jpg 2 55 95 31 24 95 95 26 27
Positives\000543.jpg 2 47 93 36 26 93 97 28 25
Positives\000544.jpg 2 54 94 28 28 91 98 32 25
Positives\000545.jpg 2 55 99 30 27 94 96 32 28
Positives\000546.jpg 2 61 104 28 17 93 94 32 27
Positives\000547.jpg 2 63 97 22 20 94 95 26 26
Positives\000548.jpg 2 58 97 24 24 92 100 30 20
Positives\000549.jpg 2 56 96 23 23 96 100 25 21
Positives\000550.jpg 2 53 98 26 21 93 101 26 18
Positives\000551.jpg 2 53 91 30 33 99 97 28 28
Positives\000552.jpg 2 52 100 33 21 96 101 31 21
Positives\000553.jpg 2 53 101 31 21 94 102 29 24
Positives\000554.jpg 2 51 97 30 22 89 99 33 22
Positives\000555.jpg 2 55 97 24 28 94 99 27 22
Positives\000556.jpg 2 55 96 25 28 90 96 31 26
Positives\000557.jpg 2 43 93 38 27 93 90 30 25
Positives\000558.jpg 2 56 97 29 25 94 99 26 21
Positives\000559.jpg 2 58 97 22 27 96 97 25 23
Positives\000560.jpg 2 55 97 26 21 93 97 29 22
Positives\000561.jpg 2 55 100 29 24 97 99 27 20
Positives\000562.jpg 2 50 95 32 22 96 97 26 29
Positives\000563.jpg 2 53 100 28 20 97 99 25 23
Positives\000564.jpg 2 56 103 26 17 93 99 25 19
Positives\000565.jpg 2 50 95 35 25 91 101 33 17
Positives\000566.jpg 2 52 97 30 22 97 103 23 18
Positives\000567.jpg 2 56 99 22 20 93 96 31 24
Positives\000568.jpg 2 47 101 31 21 98 105 30 16
Positives\000569.jpg 2 54 101 26 20 97 99 25 21
Positives\000570.jpg 2 57 104 26 18 95 105 26 15
Positives\000571.jpg 2 58 95 27 24 90 96 28 25
Positives\000572.jpg 2 57 103 25 22 91 99 34 24
Positives\000573.jpg 1 63 102 31 22
Positives\000574.jpg 2 52 99 28 22 102 102 17 21
Positives\000576.jpg 2 55 92 29 30 92 97 24 27
Positives\000577.jpg 2 53 97 25 20 95 99 23 22
Positives\000578.jpg 2 50 99 31 23 87 98 34 20
Positives\000579.jpg 2 51 94 28 26 95 96 29 29
Positives\000580.jpg 2 47 96 33 26 94 99 25 20
Positives\000582.jpg 2 51 103 28 22 96 102 30 18
Positives\000583.jpg 2 50 102 28 18 93 106 27 19
Positives\000584.jpg 2 53 99 28 19 91 106 26 16
Positives\000585.jpg 2 57 100 24 18 100 104 25 17
Positives\000586.jpg 2 45 100 36 23 94 100 32 24
Positives\000587.jpg 2 55 99 28 24 94 100 27 22
Positives\000588.jpg 2 47 100 35 23 93 101 31 22
Positives\000589.jpg 2 55 103 25 19 101 103 24 18
Positives\000590.jpg 2 50 100 32 22 93 101 30 23
Positives\000591.jpg 2 55 99 27 22 94 102 26 20
Positives\000592.jpg 2 55 100 28 23 99 100 22 25
Positives\000593.jpg 2 59 100 28 23 96 103 34 22
Positives\000594.jpg 2 53 97 29 27 96 98 28 24
Positives\000595.jpg 2 51 100 32 25 94 96 32 25
Positives\000596.jpg 2 56 94 29 27 96 92 23 29
Positives\000597.jpg 2 59 95 21 25 89 98 28 27
Positives\000598.jpg 2 58 96 21 24 91 95 26 26
Positives\000599.jpg 2 52 100 28 24 93 101 30 20
Positives\000600.jpg 2 55 98 26 24 95 100 31 21
