CR_NB
              precision    recall  f1-score   support

           A       0.91      0.90      0.90      9419
         ADV       0.92      0.80      0.86      4658
           C       0.87      0.96      0.91      5192
           D       1.00      0.87      0.93      1699
           N       0.88      0.96      0.92     33239
           P       0.97      0.88      0.92     23761
         PRO       1.00      0.91      0.95      5111
           V       0.96      0.94      0.95     16921

    accuracy                           0.92    100000
   macro avg       0.94      0.90      0.92    100000
weighted avg       0.92      0.92      0.92    100000


CR_selfNB
              precision    recall  f1-score   support

           A       0.95      0.92      0.93      9419
         ADV       0.97      0.73      0.83      4658
           C       0.89      0.93      0.91      5192
           D       1.00      0.87      0.93      1699
           N       0.95      0.98      0.96     33239
           P       0.95      1.00      0.97     23761
         PRO       1.00      0.96      0.98      5111
           V       0.97      0.94      0.95     16921

    accuracy                           0.95    100000
   macro avg       0.96      0.92      0.93    100000
weighted avg       0.95      0.95      0.95    100000


CR_NG
              precision    recall  f1-score   support

           A       0.10      0.08      0.09      9419
         ADV       0.06      0.04      0.05      4658
           C       0.05      0.03      0.04      5192
           D       0.02      0.02      0.02      1699
           N       0.36      0.40      0.38     33239
           P       0.24      0.24      0.24     23761
         PRO       0.06      0.07      0.06      5111
           V       0.22      0.22      0.22     16921

    accuracy                           0.24    100000
   macro avg       0.14      0.14      0.14    100000
weighted avg       0.23      0.24      0.23    100000


CR_NGNB
              precision    recall  f1-score   support

           A       0.12      0.10      0.11      9419
         ADV       0.08      0.05      0.06      4658
           C       0.08      0.04      0.05      5192
           D       0.03      0.03      0.03      1699
           N       0.44      0.58      0.50     33239
           P       0.37      0.33      0.35     23761
         PRO       0.10      0.10      0.10      5111
           V       0.30      0.28      0.29     16921

    accuracy                           0.34    100000
   macro avg       0.19      0.19      0.19    100000
weighted avg       0.31      0.34      0.32    100000